16
16
0.5 1 1 1 1 0.497485 1 1 1 1 0 1 1 1 0 0.847976 
0 0.5 0 0 0 0 6.80209e-07 0 0 1.25308e-09 0 0.923062 0 0 0 0 
0 0 0.5 2.03955e-07 0 0 0 0 1 0 0 0 5.3263e-09 0 0 0 
0 0 0 0.5 0 0 2.14658e-08 0 1 0 0 0 0.000161397 0 0 0 
0 0 0 2.70639e-07 0.5 0 2.13927e-08 4.3042e-10 1 0 0 3.9749e-09 0 0 0 0 
5.74437e-10 1 1 1 1 0.5 1 1 1 1 5.74434e-10 1 1 1 0 1.27627e-09 
0 0 0 0 0 3.12667e-10 0.5 1.0494e-09 0 2.64666e-09 0 0.995876 0 0 0 0 
0 0 0 0 0 0 0.00238819 0.5 0 6.7293e-09 0 0.999999 0 0 0 0 
0 4.76484e-09 0 0 0 0 0 1.29565e-08 0.5 4.92783e-09 0 0 0 0 0 0 
0 0 0 0 0 3.68634e-10 0.863002 1.82647e-06 0 0.5 0 1 0 0 0 0 
0.0120542 1 1 1 1 1 1 1 1 1 0.5 1 1 1 0 1 
0 0 0 0 0 4.51604e-11 0 0 0 0 0 0.5 0 0 0 0 
0 0 0 0 0 0 2.29683e-08 2.61536e-09 1 0 0 9.04521e-10 0.5 0 0 0 
0 0 1.79675e-09 1 0 0 1.01355e-08 7.81654e-10 1 0 0 2.38652e-08 0.999993 0.5 0 0 
1 1 1 1 1 1 1 1 1 1 1 1 1 1 0.5 1 
0 1 1 1 1 0 1 1 1 1 0 1 1 1 0 0.5 
